Sound,Light
36,44
45,44
40,44
36,44
34,44
35,45
42,44
31,44
50,44
62,44
54,45
40,45
21,45
44,44
49,44
59,45
61,45
40,45
18,45
43,45
38,45
18,45
28,45
24,45
35,45
62,44
43,45
15,44
36,44
43,45
48,45
46,44
49,44
46,44
42,44
35,45
31,45
28,44
33,44
32,45
33,45
41,45
40,45
51,45
24,44
59,45
44,45
31,45
47,45
43,45
44,44
45,45
43,45
32,45
34,44
46,44
28,44
26,45
49,45
29,45
37,45
41,44
36,45
40,45
40,45
44,45
39,45
44,45
38,44
37,44
37,45
33,45
33,45
37,46
36,45
27,45
31,45
35,45
37,45
33,45
26,45
30,45
33,45
29,44
33,45
40,45
15,45
17,45
34,44
34,44
36,46
37,44
41,44
38,45
37,44
43,45
39,44
36,44
32,45
40,45
33,45
35,45
36,45
30,45
27,45
29,45
26,44
29,44
30,45
32,44
34,45
35,45
39,45
35,45
41,45
40,45
42,45
41,45
40,45
36,45
34,44
40,44
42,45
45,45
42,45
45,45
31,45
47,44
41,45
39,45
35,45
32,45
42,45
38,44
29,45
29,44
28,45
36,45
37,44
21,44
48,44
61,45
51,45
40,44
37,45
41,44
51,46
38,44
51,45
53,45
52,44
44,44
46,44
43,44
37,44
39,44
48,45
40,44
46,44
40,44
45,45
51,44
68,45
60,45
53,44
66,44
61,44
50,44
51,44
56,44
56,45
70,44
38,45
43,44
47,44
54,44
33,45
27,45
29,45
37,44
66,44
60,44
61,45
65,45
68,44
42,45
23,44
52,45
24,44
39,44
32,25
51,35
32,43
61,44
60,44
61,44
60,45
59,45
18,45
20,44
36,44
23,44
41,44
41,45
38,45
55,45
54,45
47,45
47,45
40,45
38,45
27,45
34,45
44,44
35,44
37,45
37,44
35,44
36,44
35,44
38,44
33,44
35,44
33,44
31,44
37,44
36,45
30,45
43,44
29,45
38,45
28,44
31,44
31,45
33,44
31,44
37,45
38,45
44,44
27,44
53,44
51,44
48,44
37,44
59,45
27,44
16,44
26,45
30,45
34,44
32,44
37,44
36,45
29,45
33,44
32,44
35,44
34,45
34,45
36,45
35,44
35,45
35,45
32,45
33,44
33,45
39,44
50,45
16,45
55,45
57,44
57,45
15,46
54,45
56,45
50,45
51,45
58,45
61,45
52,45
44,45
55,45
63,45
72,45
67,45
68,45
66,45
66,45
63,45
59,45
63,45
62,45
66,45
67,45
62,45
62,45
64,45
63,46
62,45
63,45
67,45
63,46
69,46
69,45
69,46
62,46
67,46
68,46
69,46
67,47
66,46
70,46
69,46
70,46
58,46
69,47
67,47
64,46
58,47
63,46
62,47
64,46
64,46
64,46
63,46
64,45
65,46
66,46
68,46
66,46
67,46
68,46
59,46
72,46
67,46
66,46
70,46
68,46
71,47
53,47
71,46
68,46
69,46
62,46
64,46
66,46
70,46
65,46
69,47
65,46
70,46
63,45
73,46
67,47
71,46
67,47
74,46
69,47
70,47
51,47
67,46
64,46
60,47
58,47
63,46
65,47
60,47
66,46
62,47
51,47
56,46
65,47
64,47
59,47
65,46
64,47
64,47
67,48
69,47
70,46
67,46
64,46
66,47
67,46
70,48
65,47
69,46
68,47
69,46
62,47
68,47
67,47
64,47
63,47
64,46
62,47
63,47
61,47
63,47
61,47
63,46
65,45
66,45
65,52
67,51
68,52
71,53
65,52
65,52
15,53
36,52
19,53
15,52
15,53
20,52
15,52
15,53
15,53
15,52
15,53
15,53
15,52
15,53
15,52
15,53
15,53
15,53
15,53
15,53
15,53
15,53
15,54
15,53
15,53
15,53
15,53
15,53
15,53
15,52
15,52
15,53
19,53
15,53
15,53
15,52
15,53
40,52
36,54
17,52
65,53
67,53
57,52
55,52
62,52
67,52
54,52
60,53
55,52
60,52
64,52
62,52
58,52
60,52
57,52
60,52
65,53
65,53
64,53
65,53
62,53
66,52
61,54
51,53
60,52
53,53
52,53
65,51
63,52
58,53
60,53
59,54
57,53
60,52
58,53
62,53
59,53
51,53
67,52
55,54
61,53
57,53
60,53
55,53
63,52
65,53
64,54
63,54
67,54
60,52
63,54
58,52
52,54
57,53
53,54
56,54
52,54
45,53
32,54
55,55
55,54
62,54
62,55
60,55
61,54
59,54
58,54
44,54
52,54
56,54
63,53
64,54
68,53
48,54
57,52
65,54
69,53
65,53
59,53
63,54
63,53
58,53
65,54
60,54
58,52
62,54
55,53
69,52
64,53
60,53
63,52
63,53
58,52
61,53
61,53
56,53
59,53
60,53
59,53
61,53
62,53
63,54
60,53
61,52
62,53
59,53
65,53
67,53
55,51
63,52
53,52
62,52
60,53
58,52
59,53
63,52
62,53
63,53
65,53
63,52
59,53
57,53
61,53
61,52
59,53
54,51
60,51
58,52
49,52
61,52
68,52
54,52
67,53
40,53
54,53
15,53
43,53
47,51
40,53
17,53
48,53
29,53
35,54
28,52
20,53
16,53
15,52
15,53
17,53
16,53
21,53
15,54
15,53
33,53
15,53
19,53
15,53
16,52
16,53
18,53
16,52
17,52
15,52
15,53
15,52
15,52
37,52
15,52
15,52
15,52
15,51
18,51
15,51
16,52
16,51
24,50
20,52
17,52
16,53
16,51
16,52
15,53
15,53
15,54
15,52
71,50
15,51
15,51
15,53
16,51
15,53
15,52
15,52
30,52
15,52
15,51
15,52
15,52
26,51
38,52
15,52
16,51
15,52
15,51
15,51
15,52
15,52
15,52
15,51
15,52
15,51
15,52
16,52
17,52
16,51
17,51
15,52
15,51
15,52
15,52
15,52
15,51
15,52
15,52
15,51
15,51
15,52
16,52
16,52
15,51
21,51
15,51
15,51
15,51
15,51
15,51
18,51
15,51
15,50
15,50
15,50
16,50
15,50
18,49
16,48
16,49
16,50
15,49
15,49
15,49
15,48
15,50
15,50
15,49
15,50
15,51
15,50
15,51
15,50
15,48
15,47
15,47
15,47
15,48
15,48
15,48
15,48
15,47
15,48
15,48
15,48
15,48
15,48
18,47
15,50
16,47
21,46
16,48
18,47
35,48
15,46
15,46
15,47
15,46
15,49
15,48
15,48
15,48
17,49
15,48
15,48
15,49
15,49
27,48
26,49
15,49
15,49
42,50
16,49
21,49
20,49
17,49
20,48
15,47
15,47
15,48
15,47
15,48
15,46
15,48
15,48
15,48
15,48
18,47
17,47
42,47
35,47
18,46
41,46
15,48
15,48
22,47
15,46
40,46
29,47
16,47
16,47
44,47
15,46
15,47
15,46
18,46
15,48
16,47
15,47
15,46
15,46
15,47
15,46
15,47
15,46
15,47
15,47
15,46
15,47
15,47
15,47
15,47
15,47
15,47
15,47
15,47
15,47
15,47
15,47
15,47
15,47
17,48
15,48
23,48
20,47
15,48
15,47
19,47
15,47
15,46
15,47
15,47
15,47
15,47
16,47
16,47
15,47
15,47
15,47
15,47
29,46
15,47
15,47
15,46
39,47
15,47
15,47
16,47
50,47
22,46
15,47
16,46
15,46
15,47
16,47
15,46
15,47
15,47
15,47
15,47
15,48
15,46
15,47
15,47
34,47
15,47
15,47
17,46
15,47
15,47
15,47
15,47
15,47
24,47
15,47
15,47
15,46
15,46
15,47
18,46
15,47
30,47
44,47
15,46
32,47
15,47
15,46
15,47
15,47
15,47
15,47
15,47
15,46
15,46
15,47
15,46
15,47
15,47
15,47
15,47
15,47
15,47
15,46
19,46
15,47
15,46
15,47
15,46
18,46
15,46
16,47
15,46
16,47
18,46
15,47
15,46
15,46
15,45
15,46
15,46
15,46
26,46
15,48
15,47
16,47
15,47
15,47
15,47
16,47
15,47
15,47
24,47
15,47
15,47
15,46
15,47
15,48
15,47
15,46
15,47
15,46
16,46
17,46
15,47
15,47
15,46
15,47
20,47
39,46
15,46
15,47
45,47
35,47
15,47
15,47
15,46
15,46
15,46
31,46
51,46
22,46
17,47
25,47
62,46
56,46
15,46
15,47
42,46
15,46
15,46
15,46
15,46
15,46
15,46
15,47
15,47
15,47
15,46
15,47
15,46
15,46
15,46
15,47
15,46
15,46
15,46
15,46
15,46
15,46
15,46
39,46
15,47
15,46
15,46
15,46
15,46
15,46
15,46
16,46
15,47
15,46
15,46
15,46
15,46
15,47
15,47
15,47
15,46
15,46
15,46
15,46
15,47
15,47
15,46
15,47
15,46
15,47
15,46
15,47
15,47
15,47
15,47
15,46
15,46
15,47
15,47
15,47
15,46
18,48
15,47
15,46
15,47
15,47
15,47
15,46
15,47
15,46
38,47
15,47
15,46
15,47
15,46
15,46
15,46
16,48
15,46
15,46
15,47
15,46
15,46
15,47
16,48
17,46
16,47
15,46
37,47
15,46
15,46
15,46
15,46
15,46
15,48
15,46
15,46
15,46
15,46
15,46
15,46
15,46
15,46
15,46
15,47
15,46
15,46
15,46
15,47
15,47
15,47
15,46
15,46
15,46
15,46
15,46
15,46
15,46
15,46
15,46
15,46
15,47
15,48
15,46
15,46
15,46
15,47
15,46
15,46
15,48
15,47
15,46
15,47
15,46
15,47
15,46
15,47
15,47
15,46
15,46
15,46
15,46
15,46
15,46
15,46
15,46
15,47
15,46
15,47
15,46
15,46
15,46
15,47
15,46
15,47
15,47
15,47
15,47
15,47
15,46
15,46
15,46
15,46
15,46
15,46
15,46
15,46
17,47
30,46
24,46
17,47
16,47
15,47
15,46
15,47
15,47
15,47
15,47
15,47
15,47
15,47
15,47
15,46
15,47
15,46
15,48
21,47
24,46
17,46
16,46
40,46
17,45
22,46
15,46
30,45
17,45
17,45
15,45
15,45
15,45
15,45
18,45
15,44
15,45
15,45
15,45
15,45
15,45
15,45
15,45
15,45
15,45
15,45
15,45
15,45
15,45
15,45
15,46
15,45
25,45
15,45
15,46
15,45
15,46
15,45
15,45
15,46
15,46
15,46
15,46
15,46
15,47
15,46
24,46
15,46
15,46
39,46
18,46
15,46
26,46
60,46
66,45
56,46
15,46
15,46
15,46
15,46
15,46
15,46
15,46
42,45
32,46
43,46
42,46
37,46
31,46
39,47
34,46
29,47
15,47
17,47
26,47
33,46
21,47
19,46
30,47
34,46
15,47
15,47
24,47
15,47
15,47
15,47
15,47
15,47
15,47
24,47
15,47
15,47
15,46
15,46
15,46
15,47
15,46
15,47
15,46
15,47
15,47
15,46
30,47
15,46
15,46
15,47
15,46
15,47
15,47
15,47
27,47
15,47
15,47
15,47
15,47
15,47
15,46
15,47
15,46
32,47
15,47
16,46
15,47
42,47
15,47
15,47
15,46
15,47
15,46
15,47
15,47
15,46
15,47
15,46
15,47
15,47
45,47
15,47
15,46
15,46
15,46
15,47
15,47
15,46
15,47
15,46
15,47
15,47
15,47
16,47
17,47
15,47
15,46
15,46
16,47
15,47
15,46
15,47
15,45
15,46
15,46
15,46
15,47
15,46
15,46
15,46
15,45
15,46
15,46
15,47
15,46
15,47
15,46
15,46
15,46
15,46
15,46
15,47
30,47
15,47
15,46
15,46
15,47
15,46
15,46
15,46
15,47
15,46
15,47
15,46
15,46
15,46
15,47
15,46
15,47
39,46
15,46
15,46
15,45
15,46
25,46
22,46
28,46
15,47
15,46
15,46
15,46
15,46
15,46
15,46
15,45
15,46
15,46
15,46
15,46
15,45
17,45
25,46
15,45
15,46
15,46
15,46
16,46
15,46
22,45
15,46
15,46
15,46
15,46
15,45
15,46
15,46
15,46
15,45
15,46
15,46
15,46
15,46
15,46
15,46
15,46
15,47
15,46
15,46
44,47
15,47
19,47
15,46
15,47
15,47
15,47
17,46
15,46
15,46
15,47
15,47
15,46
15,47
19,47
15,46
15,47
22,47
15,46
15,47
15,47
15,46
15,47
15,46
15,47
15,47
15,46
15,46
15,46
15,47
15,47
15,46
15,46
20,47
16,47
15,46
16,46
16,46
15,46
15,47
15,47
30,48
15,47
15,46
15,46
20,47
15,46
17,46
15,46
17,47
16,46
27,46
18,46
20,46
15,46
19,47
15,46
18,47
16,47
17,46
27,46
40,46
20,46
69,46
52,46
37,46
53,46
44,47
25,46
37,46
