Sound,Light,HR_std
1,1,0.155711154701
1,1,0.155711154701
1,1,0.155711154701
1,1,-0.827876048752
1,1,-1.07377284962
1,1,-1.31966965048
1,1,-1.31966965048
1,1,-1.07377284962
1,1,-1.07377284962
1,1,-1.07377284962
1,1,-1.07377284962
1,1,-1.07377284962
1,1,-1.07377284962
1,1,-1.07377284962
1,1,-1.07377284962
1,1,-1.07377284962
1,1,-1.07377284962
1,1,-1.07377284962
1,1,-1.07377284962
1,1,-1.07377284962
1,1,-0.581979247889
1,1,-0.581979247889
1,1,-0.581979247889
1,1,-0.581979247889
1,1,-0.581979247889
1,1,-0.581979247889
1,1,-0.581979247889
1,1,-0.581979247889
1,1,-0.581979247889
1,1,-0.581979247889
1,1,-0.0901856461619
1,1,-0.336082447025
1,1,-0.336082447025
1,1,-0.581979247889
1,1,-0.581979247889
1,1,-0.581979247889
1,1,-0.581979247889
1,1,-0.581979247889
1,1,-0.581979247889
1,1,-0.581979247889
1,1,-0.581979247889
1,1,-0.581979247889
1,1,-0.581979247889
1,1,-0.581979247889
1,1,-0.581979247889
1,1,-0.581979247889
1,1,-0.581979247889
1,1,-0.581979247889
1,1,-0.581979247889
1,1,-0.581979247889
1,1,-0.581979247889
1,1,-0.581979247889
1,1,-0.581979247889
1,1,-0.581979247889
1,1,-0.581979247889
1,1,-0.581979247889
1,1,-0.581979247889
1,1,-0.581979247889
1,1,-0.581979247889
1,1,-0.581979247889
1,1,-0.0901856461619
1,1,-0.0901856461619
1,1,-0.0901856461619
1,1,-0.0901856461619
1,1,-0.0901856461619
1,1,-0.0901856461619
1,1,-0.0901856461619
1,1,-0.0901856461619
1,1,-0.0901856461619
1,1,-0.0901856461619
1,1,-0.827876048752
1,1,-0.827876048752
1,1,-0.827876048752
1,1,-0.827876048752
1,1,-0.827876048752
1,1,-0.827876048752
1,1,-0.827876048752
1,1,-0.827876048752
1,1,-0.827876048752
1,1,-0.827876048752
1,1,-1.07377284962
1,1,-1.07377284962
1,1,-1.07377284962
1,1,-1.07377284962
1,1,-1.07377284962
1,1,-1.07377284962
1,1,-1.07377284962
1,1,-1.07377284962
1,1,-1.07377284962
1,1,-1.07377284962
1,1,-1.07377284962
1,1,-1.07377284962
1,1,-1.07377284962
1,1,-1.07377284962
1,1,-1.07377284962
1,1,-1.07377284962
1,1,-0.827876048752
1,1,-0.827876048752
1,1,-0.827876048752
1,1,-0.827876048752
1,1,-0.827876048752
1,1,-0.827876048752
1,1,-0.827876048752
1,1,-0.827876048752
1,1,-0.581979247889
1,1,-0.581979247889
1,1,-0.581979247889
1,1,-0.581979247889
1,1,-0.581979247889
1,1,-0.581979247889
1,1,-0.0901856461619
1,1,-0.0901856461619
1,1,-0.0901856461619
1,1,-0.0901856461619
1,1,-0.0901856461619
1,1,-0.0901856461619
1,1,-0.0901856461619
1,1,-0.0901856461619
1,1,-0.0901856461619
1,1,-0.0901856461619
1,1,-0.581979247889
1,1,-0.581979247889
1,1,-0.581979247889
1,1,-0.581979247889
1,1,-0.581979247889
1,1,-0.581979247889
1,1,-0.581979247889
1,1,-0.581979247889
1,1,-0.581979247889
1,1,-0.581979247889
1,1,-1.07377284962
1,1,-1.07377284962
1,1,-1.07377284962
1,1,-1.07377284962
1,1,-1.07377284962
1,1,-1.07377284962
1,1,-1.07377284962
1,1,-1.07377284962
1,1,-1.07377284962
1,1,-1.07377284962
1,1,-1.56556645134
1,1,-1.56556645134
1,1,-1.56556645134
1,1,-1.56556645134
1,1,-1.56556645134
1,1,-1.56556645134
1,1,-1.56556645134
1,1,-1.56556645134
1,1,-1.56556645134
1,1,-1.56556645134
1,1,-1.07377284962
1,1,-1.07377284962
1,1,-1.07377284962
1,1,-1.07377284962
1,1,-1.07377284962
1,1,-1.07377284962
1,1,-1.07377284962
1,1,-1.07377284962
1,1,-1.07377284962
1,1,-1.07377284962
1,1,-0.827876048752
1,1,-0.827876048752
1,1,-0.827876048752
1,1,-0.827876048752
1,1,-0.827876048752
1,1,-0.827876048752
1,1,-0.827876048752
1,1,-0.827876048752
1,1,-0.827876048752
1,1,-0.827876048752
1,1,-0.827876048752
1,1,-0.827876048752
1,1,-0.827876048752
1,1,-0.827876048752
1,1,-0.827876048752
1,1,-0.827876048752
1,1,-0.827876048752
1,1,-0.827876048752
1,1,-0.827876048752
1,1,-0.827876048752
1,1,-0.827876048752
1,1,-0.827876048752
1,1,-0.827876048752
1,1,-0.827876048752
1,1,-0.827876048752
1,1,-0.827876048752
1,1,-0.827876048752
1,1,-0.827876048752
1,1,-0.827876048752
1,1,-0.827876048752
1,1,-0.827876048752
1,1,-0.827876048752
1,1,-0.827876048752
1,1,-0.827876048752
1,1,-0.827876048752
1,1,-0.827876048752
1,1,-0.827876048752
1,1,-0.827876048752
1,1,-0.827876048752
1,1,-0.827876048752
1,1,-0.581979247889
1,1,-0.581979247889
1,1,-0.581979247889
1,1,-0.581979247889
1,1,-0.581979247889
1,1,-0.581979247889
1,1,-0.581979247889
1,1,-0.581979247889
1,1,-0.581979247889
1,1,-0.581979247889
1,1,-0.336082447025
1,1,-0.336082447025
1,1,-0.336082447025
1,1,-0.336082447025
1,1,-0.336082447025
1,1,-0.336082447025
1,1,-0.336082447025
1,1,-0.336082447025
1,1,-0.336082447025
1,1,-0.336082447025
1,1,-0.336082447025
1,1,-0.336082447025
1,1,-0.336082447025
1,1,-0.336082447025
1,1,-0.336082447025
1,1,-0.336082447025
1,1,-0.336082447025
1,1,-0.336082447025
4,1,-0.336082447025
3,1,-0.336082447025
2,1,-0.581979247889
3,1,-0.581979247889
3,1,-0.581979247889
2,1,-0.581979247889
3,1,-0.336082447025
2,1,-0.336082447025
3,1,-0.581979247889
2,1,-0.581979247889
2,1,-0.581979247889
3,1,-0.581979247889
4,1,-0.581979247889
3,1,-0.581979247889
3,1,-0.581979247889
3,1,-0.581979247889
3,1,-0.581979247889
3,1,-0.581979247889
3,1,-0.581979247889
4,1,-0.581979247889
3,1,-0.336082447025
3,1,-0.336082447025
3,1,-0.336082447025
3,1,-0.336082447025
3,1,-0.336082447025
3,1,-0.336082447025
4,1,-0.336082447025
3,1,-0.336082447025
3,1,-0.581979247889
4,1,-0.581979247889
3,1,-0.581979247889
4,1,-0.827876048752
3,1,-0.827876048752
4,1,-0.581979247889
3,1,-0.581979247889
3,1,-0.336082447025
3,1,-0.0901856461619
3,1,-0.0901856461619
3,1,-0.0901856461619
3,1,-0.0901856461619
3,1,-0.0901856461619
3,1,-0.0901856461619
3,1,-0.336082447025
4,1,-0.336082447025
4,1,-0.336082447025
3,1,-0.336082447025
3,1,-0.336082447025
3,1,-0.336082447025
3,1,-0.336082447025
3,1,-0.336082447025
3,1,-0.336082447025
3,1,-0.336082447025
3,1,-0.336082447025
3,1,-0.336082447025
3,1,-0.336082447025
3,1,-0.336082447025
3,1,-0.336082447025
3,1,-0.336082447025
4,1,-0.336082447025
4,1,-0.336082447025
4,1,-0.336082447025
3,1,-0.336082447025
4,1,-1.07377284962
3,1,-1.07377284962
4,1,-1.07377284962
3,1,-1.07377284962
4,1,-1.07377284962
3,1,-1.07377284962
3,1,-1.07377284962
4,1,-1.07377284962
4,1,-1.07377284962
4,1,-1.07377284962
3,1,-0.827876048752
3,1,-0.827876048752
3,1,-0.827876048752
4,1,-0.827876048752
3,1,-0.827876048752
4,1,-0.827876048752
4,1,-0.827876048752
4,1,-0.827876048752
4,1,-0.827876048752
4,1,-0.827876048752
4,1,-0.0901856461619
4,1,-0.0901856461619
3,1,-0.0901856461619
4,1,-0.0901856461619
3,1,-0.0901856461619
4,1,-0.0901856461619
2,1,-0.0901856461619
3,1,-0.0901856461619
3,1,-0.0901856461619
3,1,-0.0901856461619
3,1,-0.0901856461619
3,1,-0.0901856461619
3,1,-0.0901856461619
3,1,-0.0901856461619
3,1,-0.0901856461619
3,1,-0.0901856461619
3,1,-0.0901856461619
3,1,-0.0901856461619
3,1,-0.0901856461619
4,1,-0.0901856461619
3,1,-0.336082447025
3,1,-0.336082447025
3,1,-0.336082447025
3,1,-0.336082447025
3,1,-0.336082447025
3,1,-0.336082447025
3,1,-0.336082447025
3,1,-0.336082447025
3,1,-0.336082447025
4,1,-0.336082447025
4,1,-0.336082447025
3,1,-0.336082447025
4,1,-0.336082447025
4,1,-0.336082447025
4,1,-0.336082447025
3,1,-0.336082447025
4,1,-0.336082447025
3,1,-0.0901856461619
3,1,-0.0901856461619
3,1,-0.0901856461619
3,1,-0.0901856461619
3,1,-0.0901856461619
3,1,0.155711154701
3,1,0.155711154701
3,1,0.155711154701
3,1,0.155711154701
3,1,0.155711154701
3,1,0.155711154701
3,1,0.155711154701
3,1,0.155711154701
4,1,0.893401557292
4,1,0.893401557292
4,1,0.893401557292
4,1,0.893401557292
3,1,0.893401557292
4,1,0.893401557292
2,1,0.893401557292
2,1,0.893401557292
2,1,0.893401557292
2,1,0.647504756428
2,1,0.647504756428
2,1,0.647504756428
2,1,0.647504756428
2,1,0.647504756428
2,1,0.647504756428
2,1,0.155711154701
2,1,-0.0901856461619
2,1,-0.336082447025
2,1,-0.336082447025
2,1,-0.336082447025
2,1,-0.581979247889
2,1,-0.581979247889
2,1,-0.581979247889
2,1,-0.581979247889
2,1,-0.581979247889
2,1,-0.581979247889
2,1,-0.581979247889
2,1,-0.581979247889
2,1,-0.581979247889
2,1,-0.581979247889
2,1,0.401607955565
2,1,0.401607955565
2,1,0.401607955565
2,1,0.401607955565
2,1,0.401607955565
2,1,0.401607955565
2,1,0.401607955565
2,1,0.401607955565
2,1,0.401607955565
2,1,0.401607955565
2,1,1.13929835816
2,1,1.13929835816
2,1,1.13929835816
2,1,1.13929835816
2,1,1.13929835816
2,1,1.13929835816
3,1,1.13929835816
3,1,1.13929835816
3,1,0.401607955565
3,1,0.401607955565
3,1,0.401607955565
3,1,0.401607955565
4,1,0.401607955565
3,1,0.401607955565
3,1,0.401607955565
3,1,0.401607955565
3,1,0.155711154701
3,1,-0.0901856461619
3,1,-0.0901856461619
3,1,-0.0901856461619
3,1,-0.0901856461619
3,1,-0.0901856461619
3,1,-0.0901856461619
3,1,-0.0901856461619
3,1,-0.0901856461619
3,1,-0.0901856461619
3,1,-0.0901856461619
3,1,-0.0901856461619
3,1,-0.0901856461619
3,1,-0.0901856461619
3,1,-0.0901856461619
3,1,-0.0901856461619
2,1,-0.0901856461619
3,1,-0.0901856461619
3,1,-0.0901856461619
3,1,-0.0901856461619
3,1,-0.0901856461619
3,1,-0.0901856461619
3,1,-0.0901856461619
3,1,-0.0901856461619
3,1,-0.0901856461619
3,1,-0.0901856461619
3,1,-0.0901856461619
3,1,-0.0901856461619
3,1,-0.0901856461619
3,1,-0.0901856461619
3,1,-0.0901856461619
3,1,-0.0901856461619
3,1,-0.0901856461619
3,1,-0.0901856461619
3,1,1.38519515902
3,1,1.38519515902
3,1,1.38519515902
3,1,1.38519515902
3,1,1.38519515902
3,1,1.38519515902
3,1,1.38519515902
3,1,1.38519515902
3,1,1.38519515902
3,1,1.38519515902
3,1,3.35236956593
3,1,3.35236956593
3,1,3.35236956593
2,1,3.35236956593
2,1,3.35236956593
2,1,3.35236956593
2,1,3.35236956593
3,1,3.35236956593
3,1,3.35236956593
3,1,3.35236956593
3,1,1.13929835816
3,1,1.13929835816
3,1,1.13929835816
3,1,1.13929835816
2,1,1.13929835816
3,1,1.13929835816
2,1,1.13929835816
3,1,1.13929835816
3,1,1.13929835816
3,1,1.13929835816
3,1,0.647504756428
3,1,0.647504756428
3,1,0.647504756428
4,1,0.647504756428
3,1,0.647504756428
3,1,0.647504756428
3,1,0.647504756428
3,1,0.647504756428
3,1,0.647504756428
3,1,0.647504756428
3,1,0.893401557292
3,1,0.893401557292
3,1,0.893401557292
3,1,0.893401557292
3,1,0.893401557292
3,1,0.893401557292
3,1,0.893401557292
3,1,0.893401557292
3,1,0.893401557292
3,1,0.893401557292
3,1,3.35236956593
3,1,3.35236956593
3,1,3.35236956593
3,1,3.35236956593
3,1,3.35236956593
3,1,3.35236956593
3,1,3.35236956593
3,1,3.35236956593
3,1,3.35236956593
3,1,3.35236956593
3,1,5.5654407737
3,1,5.5654407737
3,1,5.5654407737
3,1,5.5654407737
3,1,5.5654407737
3,1,5.5654407737
3,1,5.5654407737
3,1,5.5654407737
3,1,5.5654407737
3,1,5.5654407737
3,1,3.59826636679
3,1,3.59826636679
3,1,3.59826636679
3,1,3.59826636679
3,1,3.59826636679
3,1,3.59826636679
3,1,3.59826636679
3,1,3.59826636679
3,1,3.59826636679
3,1,3.59826636679
3,1,1.13929835816
3,1,1.13929835816
3,1,1.13929835816
3,1,1.13929835816
3,1,0.893401557292
3,1,0.893401557292
3,1,0.893401557292
3,1,0.893401557292
3,1,0.893401557292
3,1,0.893401557292
2,1,0.893401557292
2,1,0.647504756428
2,1,0.647504756428
3,1,0.647504756428
2,1,0.647504756428
3,1,0.647504756428
2,1,0.647504756428
2,1,0.647504756428
2,1,0.647504756428
2,1,0.647504756428
2,1,1.38519515902
2,1,1.38519515902
2,1,1.38519515902
2,1,1.38519515902
2,1,1.38519515902
2,1,1.38519515902
2,1,1.38519515902
2,1,1.38519515902
2,1,1.38519515902
2,1,1.38519515902
2,1,2.36878236247
2,1,2.36878236247
2,1,2.36878236247
2,1,2.36878236247
2,1,2.36878236247
2,1,2.36878236247
2,1,2.36878236247
2,1,2.36878236247
2,1,2.36878236247
2,1,2.36878236247
2,1,0.893401557292
2,1,0.893401557292
2,1,0.893401557292
2,1,0.893401557292
2,1,0.893401557292
2,1,0.893401557292
2,1,0.893401557292
2,1,0.893401557292
2,1,0.893401557292
2,1,0.893401557292
2,1,0.647504756428
2,1,0.647504756428
2,1,0.647504756428
2,1,0.647504756428
2,1,0.647504756428
2,1,0.647504756428
2,1,0.647504756428
2,1,0.647504756428
2,1,0.647504756428
2,1,0.647504756428
2,1,0.401607955565
2,1,0.401607955565
2,1,0.401607955565
2,1,0.401607955565
2,1,0.401607955565
2,1,0.401607955565
2,1,0.401607955565
2,1,0.401607955565
2,1,0.401607955565
2,1,0.401607955565
2,1,0.155711154701
2,1,0.155711154701
2,1,0.155711154701
2,1,0.155711154701
2,1,0.155711154701
2,1,0.155711154701
2,1,0.155711154701
2,1,0.155711154701
2,1,0.155711154701
2,1,0.155711154701
2,1,0.401607955565
2,1,0.401607955565
2,1,0.401607955565
2,1,0.401607955565
2,1,0.401607955565
2,1,0.401607955565
2,1,0.401607955565
2,1,0.401607955565
2,1,0.401607955565
2,1,0.401607955565
2,1,-0.336082447025
2,1,-0.336082447025
2,1,-0.336082447025
2,1,-0.336082447025
2,1,-0.336082447025
2,1,-0.336082447025
2,1,-0.336082447025
2,1,-0.336082447025
2,1,-0.336082447025
2,1,-0.336082447025
2,1,-0.581979247889
2,1,-0.581979247889
2,1,-0.581979247889
2,1,-0.581979247889
2,1,-0.581979247889
2,1,-0.581979247889
2,1,-0.581979247889
2,1,-0.581979247889
2,1,-0.581979247889
2,1,-0.581979247889
2,1,-0.581979247889
2,1,-0.581979247889
2,1,-0.581979247889
2,1,-0.581979247889
2,1,-0.581979247889
2,1,-0.581979247889
2,1,-0.581979247889
2,1,-0.581979247889
2,1,-0.581979247889
2,1,-0.581979247889
2,1,-0.336082447025
2,1,-0.336082447025
2,1,-0.336082447025
2,1,-0.336082447025
2,1,-0.336082447025
2,1,-0.336082447025
2,1,-0.336082447025
2,1,-0.336082447025
2,1,-0.336082447025
2,1,-0.336082447025
2,1,0.155711154701
2,1,0.155711154701
2,1,0.155711154701
2,1,0.155711154701
2,1,0.155711154701
2,1,0.155711154701
2,1,0.155711154701
2,1,0.155711154701
2,1,0.155711154701
2,1,0.155711154701
2,1,0.155711154701
2,1,0.155711154701
2,1,0.155711154701
2,1,0.155711154701
2,1,0.155711154701
2,1,0.155711154701
2,1,0.155711154701
2,1,0.155711154701
2,1,0.155711154701
2,1,0.155711154701
2,1,-0.827876048752
2,1,-0.827876048752
2,1,-0.827876048752
2,1,-0.827876048752
2,1,-0.827876048752
2,1,-0.827876048752
2,1,-0.827876048752
2,1,-0.827876048752
2,1,-0.827876048752
2,1,-0.827876048752
2,1,-0.827876048752
2,1,-0.827876048752
2,1,-0.827876048752
2,1,-0.827876048752
2,1,-0.827876048752
2,1,-0.827876048752
2,1,-0.827876048752
2,1,-0.827876048752
2,1,-0.827876048752
2,1,-0.827876048752
2,1,-0.827876048752
2,1,-0.827876048752
2,1,-0.827876048752
2,1,-0.827876048752
2,1,-0.827876048752
2,1,-0.827876048752
2,1,-0.827876048752
2,1,-0.827876048752
2,1,-0.827876048752
2,1,-0.827876048752
2,1,-0.336082447025
2,1,-0.336082447025
2,1,-0.336082447025
2,1,-0.336082447025
2,1,-0.336082447025
2,1,-0.336082447025
2,1,-0.336082447025
2,1,-0.336082447025
2,1,-0.336082447025
2,1,-0.336082447025
2,1,-0.827876048752
2,1,-0.827876048752
2,1,-0.827876048752
2,1,-0.827876048752
2,1,-0.827876048752
2,1,-0.827876048752
2,1,-0.827876048752
2,1,-0.827876048752
2,1,-0.827876048752
2,1,-0.827876048752
2,1,-1.07377284962
2,1,-1.07377284962
2,1,-1.07377284962
2,1,-1.07377284962
2,1,-1.07377284962
2,1,-1.07377284962
2,1,-1.07377284962
2,1,-1.07377284962
2,1,-1.07377284962
2,1,-1.07377284962
2,1,-1.56556645134
2,1,-1.56556645134
2,1,-1.56556645134
2,1,-1.56556645134
2,1,-1.56556645134
2,1,-1.56556645134
2,1,-1.56556645134
2,1,-1.56556645134
2,1,-1.56556645134
2,1,-1.56556645134
2,1,-0.827876048752
2,1,-0.827876048752
2,1,-0.827876048752
2,1,-0.827876048752
2,1,-0.827876048752
2,1,-0.827876048752
2,1,-0.827876048752
2,1,-0.827876048752
2,1,-0.827876048752
2,1,-0.827876048752
2,1,-0.336082447025
2,1,-0.336082447025
2,1,-0.336082447025
2,1,-0.336082447025
2,1,-0.336082447025
2,1,-0.336082447025
2,1,-0.336082447025
2,1,-0.336082447025
2,1,-0.336082447025
2,1,-0.336082447025
2,1,-0.581979247889
2,1,-0.581979247889
2,1,-0.581979247889
2,1,-0.581979247889
2,1,-0.581979247889
2,1,-0.581979247889
2,1,-0.581979247889
2,1,-0.581979247889
2,1,-0.581979247889
2,1,-0.581979247889
2,1,0.401607955565
2,1,0.401607955565
2,1,0.401607955565
2,1,0.401607955565
2,1,0.401607955565
2,1,0.401607955565
2,1,0.401607955565
2,1,0.401607955565
2,1,0.401607955565
2,1,0.401607955565
2,1,0.401607955565
2,1,0.401607955565
2,1,0.401607955565
2,1,0.401607955565
2,1,0.401607955565
2,1,0.401607955565
2,1,0.401607955565
2,1,0.401607955565
2,1,0.401607955565
2,1,0.401607955565
2,1,0.155711154701
2,1,0.155711154701
2,1,0.155711154701
2,1,0.155711154701
2,1,0.155711154701
2,1,0.155711154701
2,1,0.155711154701
2,1,0.155711154701
2,1,0.155711154701
2,1,0.155711154701
2,1,0.155711154701
2,1,0.155711154701
2,1,0.155711154701
2,1,0.155711154701
2,1,0.155711154701
2,1,0.155711154701
2,1,0.155711154701
2,1,0.155711154701
2,1,0.155711154701
2,1,0.155711154701
2,1,-0.0901856461619
2,1,-0.0901856461619
2,1,-0.0901856461619
2,1,-0.0901856461619
2,1,-0.0901856461619
2,1,-0.0901856461619
2,1,-0.0901856461619
2,1,-0.0901856461619
2,1,-0.581979247889
2,1,-0.581979247889
2,1,-0.581979247889
2,1,-0.581979247889
2,1,-0.581979247889
2,1,-0.827876048752
2,1,-0.827876048752
2,1,-0.827876048752
2,1,-0.827876048752
2,1,-0.827876048752
2,1,-0.827876048752
2,1,-0.827876048752
2,1,-0.336082447025
2,1,-0.336082447025
2,1,-0.336082447025
2,1,-0.0901856461619
2,1,-0.0901856461619
2,1,-0.0901856461619
2,1,-0.0901856461619
2,1,-0.0901856461619
2,1,-0.0901856461619
2,1,-0.0901856461619
2,1,-0.0901856461619
2,1,-0.0901856461619
2,1,0.155711154701
2,1,0.155711154701
2,1,0.155711154701
2,1,0.155711154701
2,1,0.155711154701
2,1,0.155711154701
2,1,0.155711154701
2,1,0.155711154701
2,1,0.155711154701
2,1,0.155711154701
2,1,0.155711154701
2,1,0.155711154701
2,1,0.155711154701
2,1,0.155711154701
2,1,0.155711154701
2,1,0.155711154701
2,1,0.155711154701
2,1,0.155711154701
2,1,-0.827876048752
2,1,-0.827876048752
2,1,-0.827876048752
2,1,-0.827876048752
2,1,-0.827876048752
2,1,-0.827876048752
2,1,-0.827876048752
2,1,-0.827876048752
2,1,-0.827876048752
2,1,-0.827876048752
2,1,-0.581979247889
2,1,-0.581979247889
2,1,-0.581979247889
2,1,-0.581979247889
2,1,-0.581979247889
2,1,-0.581979247889
2,1,-0.581979247889
2,1,-0.581979247889
2,1,-0.581979247889
2,1,-0.581979247889
2,1,-0.336082447025
2,1,-0.336082447025
2,1,-0.336082447025
2,1,-0.336082447025
2,1,-0.336082447025
2,1,-0.336082447025
2,1,-0.336082447025
2,1,-0.336082447025
2,1,-0.336082447025
2,1,-0.336082447025
2,1,-1.07377284962
2,1,-1.07377284962
2,1,-1.07377284962
2,1,-1.07377284962
2,1,-1.07377284962
2,1,-1.07377284962
2,1,-1.07377284962
2,1,-1.07377284962
2,1,-1.07377284962
2,1,-1.07377284962
2,1,-1.31966965048
2,1,-1.31966965048
2,1,-1.31966965048
2,1,-1.31966965048
2,1,-1.31966965048
2,1,-1.31966965048
2,1,-1.31966965048
2,1,-1.31966965048
2,1,-1.31966965048
2,1,-1.31966965048
2,1,-0.336082447025
2,1,-0.336082447025
2,1,-0.336082447025
2,1,-0.336082447025
2,1,-0.336082447025
2,1,-0.336082447025
2,1,-0.336082447025
2,1,-0.336082447025
2,1,-0.336082447025
2,1,-0.336082447025
2,1,-0.0901856461619
2,1,-0.0901856461619
2,1,-0.0901856461619
2,1,-0.0901856461619
2,1,-0.0901856461619
2,1,-0.0901856461619
2,1,-0.0901856461619
2,1,-0.0901856461619
2,1,-0.0901856461619
2,1,-0.0901856461619
2,1,-0.0901856461619
2,1,-0.0901856461619
2,1,-0.0901856461619
2,1,-0.0901856461619
2,1,-0.0901856461619
2,1,-0.0901856461619
2,1,-0.0901856461619
2,1,-0.0901856461619
2,1,-0.0901856461619
2,1,-0.0901856461619
2,1,-0.336082447025
2,1,-0.336082447025
2,1,-0.336082447025
2,1,-0.336082447025
2,1,-0.336082447025
2,1,-0.336082447025
2,1,-0.336082447025
2,1,-0.336082447025
2,1,-0.336082447025
2,1,-0.336082447025
2,1,0.401607955565
2,1,0.401607955565
2,1,0.401607955565
2,1,0.401607955565
2,1,0.401607955565
2,1,0.401607955565
2,1,0.401607955565
3,1,0.401607955565
2,1,0.401607955565
2,1,0.401607955565
2,1,-0.336082447025
2,1,-0.336082447025
2,1,-0.336082447025
2,1,-0.336082447025
2,1,-0.336082447025
2,1,-0.336082447025
2,1,-0.336082447025
2,1,-0.336082447025
2,1,-0.336082447025
2,1,-0.336082447025
2,1,-0.336082447025
2,1,-0.336082447025
2,1,-0.336082447025
2,1,-0.336082447025
2,1,-0.336082447025
2,1,-0.336082447025
2,1,-0.336082447025
2,1,-0.336082447025
2,1,-0.336082447025
2,1,-0.336082447025
2,1,-0.581979247889
2,1,-0.581979247889
2,1,-0.581979247889
2,1,-0.581979247889
2,1,-0.581979247889
2,1,-0.581979247889
2,1,-0.581979247889
2,1,-0.581979247889
2,1,-0.581979247889
2,1,-0.581979247889
2,1,0.155711154701
2,1,0.155711154701
2,1,0.155711154701
2,1,0.155711154701
2,1,0.155711154701
2,1,0.155711154701
2,1,0.155711154701
2,1,0.155711154701
2,1,0.155711154701
2,1,0.155711154701
2,1,-0.0901856461619
2,1,-0.0901856461619
2,1,-0.0901856461619
2,1,-0.0901856461619
2,1,-0.0901856461619
2,1,-0.0901856461619
2,1,-0.0901856461619
2,1,-0.0901856461619
2,1,-0.0901856461619
2,1,-0.0901856461619
2,1,-0.0901856461619
2,1,-0.0901856461619
2,1,-0.0901856461619
2,1,-0.0901856461619
2,1,-0.0901856461619
2,1,-0.0901856461619
2,1,-0.0901856461619
2,1,-0.0901856461619
2,1,-0.0901856461619
2,1,-0.0901856461619
2,1,-0.0901856461619
2,1,-0.0901856461619
2,1,-0.0901856461619
2,1,-0.0901856461619
2,1,-0.0901856461619
2,1,-0.0901856461619
2,1,0.155711154701
2,1,0.155711154701
2,1,0.155711154701
2,1,0.155711154701
2,1,0.647504756428
2,1,0.647504756428
2,1,0.647504756428
2,1,0.647504756428
2,1,0.647504756428
2,1,0.647504756428
2,1,0.647504756428
2,1,0.647504756428
2,1,0.647504756428
2,1,0.647504756428
2,1,-0.827876048752
2,1,-0.827876048752
2,1,-0.827876048752
2,1,-0.827876048752
2,1,-0.827876048752
2,1,-0.827876048752
2,1,-0.827876048752
2,1,-0.827876048752
2,1,-0.827876048752
2,1,-0.827876048752
2,1,-0.581979247889
2,1,-0.581979247889
2,1,-0.581979247889
2,1,-0.581979247889
2,1,-0.581979247889
2,1,-0.581979247889
2,1,-0.581979247889
2,1,-0.581979247889
2,1,-0.581979247889
2,1,-0.581979247889
2,1,-0.827876048752
2,1,-0.827876048752
2,1,-0.827876048752
2,1,-0.827876048752
2,1,-0.827876048752
2,1,-0.827876048752
2,1,-0.827876048752
2,1,-0.827876048752
2,1,-0.827876048752
2,1,-0.827876048752
2,1,-0.827876048752
2,1,-0.827876048752
2,1,-0.827876048752
2,1,-0.827876048752
2,1,-0.827876048752
2,1,-0.827876048752
2,1,-0.827876048752
2,1,-0.827876048752
2,1,-0.827876048752
2,1,-0.827876048752
2,1,-0.827876048752
2,1,-0.827876048752
2,1,-0.827876048752
2,1,-0.827876048752
2,1,-0.827876048752
2,1,-0.827876048752
2,1,-0.827876048752
2,1,-0.827876048752
2,1,-0.827876048752
2,1,-0.827876048752
2,1,-0.827876048752
2,1,-0.827876048752
2,1,-0.827876048752
2,1,-0.827876048752
2,1,-0.827876048752
2,1,-0.827876048752
2,1,-0.827876048752
2,1,-0.827876048752
2,1,-0.827876048752
2,1,-0.827876048752
2,1,-1.56556645134
2,1,-1.56556645134
2,1,-1.56556645134
2,1,-1.56556645134
2,1,-1.56556645134
2,1,-1.56556645134
2,1,-1.56556645134
2,1,-1.56556645134
2,1,-1.56556645134
2,1,-1.56556645134
2,1,-1.56556645134
2,1,-1.56556645134
2,1,-1.56556645134
2,1,-1.56556645134
2,1,-1.56556645134
2,1,-1.56556645134
2,1,-1.56556645134
2,1,-1.56556645134
2,1,-1.56556645134
2,1,-1.56556645134
2,1,-1.07377284962
2,1,-1.07377284962
2,1,-1.07377284962
2,1,-1.07377284962
2,1,-1.07377284962
2,1,-1.07377284962
2,1,-1.07377284962
2,1,-1.07377284962
2,1,-1.07377284962
2,1,-1.07377284962
2,1,-0.581979247889
2,1,-0.581979247889
2,1,-0.581979247889
2,1,-0.581979247889
2,1,-0.581979247889
2,1,-0.581979247889
2,1,-0.581979247889
2,1,-0.581979247889
2,1,-0.581979247889
2,1,-0.581979247889
2,1,-0.581979247889
2,1,-0.581979247889
2,1,-0.581979247889
2,1,-0.581979247889
2,1,-0.581979247889
2,1,-0.581979247889
2,1,-0.581979247889
2,1,-0.581979247889
2,1,-0.581979247889
2,1,-0.581979247889
2,1,-0.581979247889
2,1,-0.581979247889
2,1,-0.581979247889
2,1,-0.581979247889
2,1,-0.581979247889
2,1,-0.581979247889
2,1,-0.581979247889
2,1,-0.581979247889
2,1,-0.581979247889
2,1,-0.581979247889
2,1,-0.336082447025
2,1,-0.336082447025
2,1,-0.336082447025
2,1,-0.336082447025
2,1,-0.336082447025
2,1,-0.336082447025
2,1,-0.336082447025
2,1,-0.336082447025
2,1,-0.336082447025
2,1,-0.336082447025
2,1,-0.581979247889
2,1,-0.581979247889
2,1,-0.581979247889
2,1,-0.581979247889
2,1,-0.581979247889
2,1,-0.581979247889
2,1,-0.581979247889
2,1,-0.581979247889
2,1,-0.581979247889
2,1,-0.581979247889
2,1,-0.336082447025
2,1,-0.336082447025
2,1,-0.336082447025
2,1,-0.336082447025
2,1,-0.336082447025
2,1,-0.336082447025
2,1,-0.336082447025
2,1,-0.336082447025
2,1,-0.336082447025
2,1,-0.336082447025
2,1,-0.0901856461619
2,1,-0.0901856461619
2,1,-0.0901856461619
2,1,-0.0901856461619
2,1,-0.0901856461619
2,1,-0.0901856461619
2,1,-0.0901856461619
2,1,-0.0901856461619
2,1,-0.0901856461619
2,1,-0.0901856461619
2,1,0.401607955565
2,1,0.401607955565
2,1,0.401607955565
2,1,0.401607955565
2,1,0.401607955565
2,1,0.401607955565
2,1,0.401607955565
2,1,0.401607955565
2,1,0.401607955565
2,1,0.401607955565
2,1,0.155711154701
2,1,0.155711154701
2,1,0.155711154701
2,1,0.155711154701
2,1,0.155711154701
2,1,0.155711154701
2,1,0.155711154701
2,1,0.155711154701
2,1,0.155711154701
2,1,0.155711154701
2,1,0.401607955565
2,1,0.401607955565
2,1,0.401607955565
2,1,0.401607955565
2,1,0.401607955565
2,1,0.401607955565
2,1,0.401607955565
2,1,0.401607955565
2,1,0.401607955565
2,1,0.401607955565
2,1,0.647504756428
2,1,0.647504756428
2,1,0.647504756428
2,1,0.647504756428
2,1,0.647504756428
2,1,0.647504756428
2,1,0.647504756428
2,1,0.647504756428
2,1,0.647504756428
2,1,0.647504756428
2,1,2.36878236247
2,1,2.36878236247
2,1,2.36878236247
2,1,2.36878236247
2,1,2.12288556161
2,1,2.12288556161
2,1,2.12288556161
2,1,2.12288556161
2,1,2.12288556161
2,1,2.12288556161
2,1,2.12288556161
2,1,2.12288556161
2,1,2.12288556161
2,1,2.12288556161
2,1,2.12288556161
2,1,2.12288556161
2,1,2.12288556161
2,1,2.12288556161
2,1,2.12288556161
2,1,2.12288556161
2,1,2.36878236247
2,1,2.36878236247
2,1,2.36878236247
2,1,2.36878236247
2,1,2.36878236247
2,1,2.36878236247
2,1,2.36878236247
2,1,2.36878236247
2,1,2.36878236247
2,1,2.36878236247
2,1,0.401607955565
2,1,0.401607955565
2,1,0.401607955565
2,1,0.401607955565
2,1,0.401607955565
2,1,0.401607955565
2,1,0.401607955565
2,1,0.401607955565
2,1,0.401607955565
2,1,0.401607955565
2,1,-0.581979247889
2,1,-0.581979247889
2,1,-0.581979247889
2,1,-0.581979247889
2,1,-0.581979247889
2,1,-0.581979247889
2,1,-0.581979247889
2,1,-0.581979247889
2,1,-0.581979247889
2,1,-0.581979247889
2,1,-0.336082447025
2,1,-0.336082447025
2,1,-0.336082447025
2,1,-0.336082447025
2,1,-0.336082447025
2,1,-0.336082447025
2,1,-0.336082447025
2,1,-0.336082447025
2,1,-0.336082447025
2,1,-0.336082447025
2,1,-0.0901856461619
2,1,-0.0901856461619
2,1,-0.0901856461619
2,1,-0.0901856461619
2,1,-0.0901856461619
2,1,-0.0901856461619
2,1,-0.0901856461619
2,1,-0.0901856461619
2,1,-0.0901856461619
2,1,-0.0901856461619
2,1,0.401607955565
2,1,0.401607955565
2,1,0.401607955565
2,1,0.401607955565
2,1,0.401607955565
2,1,0.401607955565
2,1,0.401607955565
2,1,0.401607955565
2,1,0.401607955565
2,1,0.401607955565
2,1,1.38519515902
2,1,1.38519515902
2,1,1.38519515902
2,1,1.38519515902
2,1,1.38519515902
2,1,1.38519515902
2,1,1.38519515902
2,1,1.38519515902
2,1,1.38519515902
2,1,1.38519515902
2,1,0.155711154701
2,1,0.155711154701
2,1,0.155711154701
2,1,0.155711154701
2,1,0.155711154701
2,1,0.155711154701
2,1,0.155711154701
2,1,0.155711154701
2,1,0.155711154701
2,1,0.155711154701
2,1,0.155711154701
2,1,0.155711154701
2,1,0.155711154701
2,1,0.155711154701
2,1,0.155711154701
2,1,0.155711154701
2,1,0.155711154701
2,1,0.155711154701
2,1,0.155711154701
2,1,0.155711154701
2,1,0.401607955565
2,1,0.401607955565
2,1,0.401607955565
2,1,0.401607955565
2,1,0.401607955565
2,1,0.401607955565
2,1,0.401607955565
2,1,0.401607955565
2,1,0.401607955565
2,1,0.401607955565
2,1,0.401607955565
2,1,0.401607955565
2,1,0.401607955565
2,1,0.401607955565
2,1,0.401607955565
2,1,0.401607955565
2,1,0.401607955565
2,1,0.401607955565
2,1,0.401607955565
2,1,0.401607955565
2,1,0.155711154701
2,1,0.155711154701
2,1,0.155711154701
2,1,0.155711154701
2,1,0.155711154701
2,1,0.155711154701
2,1,0.155711154701
2,1,0.155711154701
2,1,0.155711154701
2,1,0.155711154701
2,1,-0.0901856461619
2,1,-0.0901856461619
2,1,-0.0901856461619
2,1,-0.0901856461619
2,1,-0.0901856461619
2,1,-0.0901856461619
2,1,-0.0901856461619
2,1,-0.0901856461619
2,1,-0.0901856461619
2,1,-0.0901856461619
2,1,0.401607955565
2,1,0.401607955565
2,1,0.401607955565
2,1,0.401607955565
2,1,0.401607955565
2,1,0.401607955565
2,1,0.401607955565
2,1,0.401607955565
2,1,0.401607955565
2,1,0.401607955565
2,1,1.38519515902
2,1,1.38519515902
2,1,1.38519515902
2,1,1.38519515902
2,1,1.38519515902
2,1,1.38519515902
2,1,1.38519515902
2,1,1.38519515902
2,1,1.38519515902
2,1,1.38519515902
2,1,1.38519515902
2,1,1.38519515902
2,1,1.38519515902
2,1,1.38519515902
2,1,1.38519515902
2,1,1.38519515902
2,1,1.38519515902
2,1,1.38519515902
2,1,1.38519515902
2,1,1.38519515902
2,1,0.155711154701
2,1,0.155711154701
2,1,0.155711154701
2,1,0.155711154701
2,1,0.155711154701
2,1,0.155711154701
2,1,0.155711154701
2,1,0.155711154701
2,1,0.155711154701
2,1,0.155711154701
2,1,-0.0901856461619
2,1,-0.0901856461619
2,1,-0.0901856461619
2,1,-0.0901856461619
2,1,-0.0901856461619
2,1,-0.0901856461619
2,1,-0.0901856461619
2,1,-0.0901856461619
2,1,-0.0901856461619
2,1,-0.0901856461619
2,1,0.401607955565
2,1,0.401607955565
2,1,0.401607955565
2,1,0.401607955565
2,1,0.401607955565
2,1,0.401607955565
2,1,0.401607955565
2,1,0.401607955565
2,1,0.401607955565
2,1,0.401607955565
2,1,1.87698876075
2,1,1.87698876075
2,1,1.87698876075
2,1,1.87698876075
2,1,1.87698876075
2,1,1.87698876075
2,1,1.87698876075
2,1,1.87698876075
2,1,1.87698876075
2,1,1.87698876075
2,1,3.10647276506
2,1,3.10647276506
2,1,3.10647276506
2,1,3.10647276506
2,1,3.10647276506
2,1,3.10647276506
2,1,3.10647276506
2,1,3.10647276506
2,1,3.10647276506
2,1,3.10647276506
2,1,0.893401557292
2,1,0.893401557292
2,1,0.893401557292
2,1,0.893401557292
2,1,0.893401557292
2,1,0.893401557292
2,1,0.893401557292
2,1,0.893401557292
2,1,0.893401557292
2,1,0.893401557292
2,1,0.401607955565
2,1,0.401607955565
2,1,0.401607955565
2,1,0.401607955565
2,1,0.401607955565
2,1,0.401607955565
2,1,0.401607955565
2,1,0.401607955565
2,1,0.401607955565
2,1,0.401607955565
2,1,0.401607955565
2,1,0.401607955565
2,1,0.401607955565
2,1,0.401607955565
2,1,0.401607955565
2,1,0.401607955565
2,1,0.401607955565
2,1,0.401607955565
2,1,0.401607955565
2,1,0.401607955565
2,1,0.401607955565
2,1,0.401607955565
2,1,0.401607955565
2,1,0.401607955565
2,1,0.401607955565
2,1,0.401607955565
2,1,0.401607955565
2,1,0.401607955565
2,1,0.401607955565
2,1,0.401607955565
2,1,0.155711154701
2,1,0.155711154701
2,1,0.155711154701
2,1,0.155711154701
2,1,0.155711154701
2,1,0.155711154701
2,1,0.155711154701
2,1,0.155711154701
2,1,0.155711154701
2,1,0.155711154701
2,1,0.155711154701
2,1,0.155711154701
2,1,0.155711154701
2,1,0.155711154701
2,1,0.155711154701
2,1,0.155711154701
2,1,0.155711154701
2,1,0.155711154701
2,1,0.155711154701
2,1,0.155711154701
2,1,0.401607955565
2,1,0.401607955565
2,1,0.401607955565
2,1,0.401607955565
2,1,0.401607955565
2,1,0.401607955565
2,1,0.401607955565
2,1,0.401607955565
2,1,0.401607955565
2,1,0.401607955565
2,1,0.155711154701
2,1,0.155711154701
2,1,0.155711154701
2,1,0.155711154701
2,1,0.155711154701
2,1,0.155711154701
2,1,0.401607955565
2,1,0.401607955565
2,1,0.401607955565
2,1,0.401607955565
2,1,0.401607955565
2,1,0.401607955565
2,1,0.647504756428
2,1,0.647504756428
2,1,0.647504756428
2,1,2.12288556161
2,1,2.12288556161
2,1,2.12288556161
2,1,2.12288556161
2,1,2.12288556161
2,1,4.09005996852
2,1,4.09005996852
2,1,4.09005996852
2,1,4.09005996852
2,1,4.09005996852
2,1,4.09005996852
2,1,4.09005996852
2,1,4.09005996852
2,1,4.09005996852
2,1,4.09005996852
2,1,2.8605759642
2,1,2.8605759642
2,1,2.8605759642
2,1,2.8605759642
2,1,2.8605759642
2,1,2.8605759642
2,1,2.8605759642
2,1,2.8605759642
2,1,2.8605759642
2,1,2.8605759642
2,1,0.647504756428
2,1,0.647504756428
2,1,0.647504756428
2,1,0.647504756428
2,1,0.647504756428
2,1,0.647504756428
2,1,0.647504756428
2,1,0.647504756428
2,1,0.647504756428
2,1,0.647504756428
2,1,1.38519515902
2,1,1.38519515902
2,1,1.38519515902
2,1,1.38519515902
2,1,1.38519515902
2,1,1.38519515902
2,1,1.38519515902
2,1,1.38519515902
2,1,1.38519515902
2,1,1.38519515902
2,1,2.8605759642
2,1,2.8605759642
2,1,2.8605759642
2,1,2.8605759642
2,1,2.8605759642
2,1,2.8605759642
2,1,2.8605759642
2,1,2.8605759642
2,1,2.8605759642
2,1,2.8605759642
2,1,0.401607955565
2,1,0.401607955565
2,1,0.401607955565
2,1,0.401607955565
2,1,0.401607955565
2,1,0.401607955565
2,1,0.401607955565
2,1,0.401607955565
2,1,0.401607955565
2,1,0.401607955565
2,1,-0.827876048752
2,1,-0.827876048752
2,1,-0.827876048752
2,1,-0.827876048752
2,1,-0.827876048752
2,1,-0.827876048752
2,1,-0.827876048752
2,1,-0.827876048752
2,1,-0.827876048752
2,1,-0.827876048752
2,1,-1.07377284962
2,1,-1.07377284962
2,1,-1.07377284962
2,1,-1.07377284962
2,1,-1.07377284962
2,1,-1.07377284962
2,1,-1.07377284962
2,1,-1.07377284962
2,1,-1.07377284962
2,1,-1.07377284962
2,1,-0.581979247889
2,1,-0.581979247889
2,1,-0.581979247889
2,1,-0.581979247889
2,1,-0.581979247889
2,1,-0.581979247889
2,1,-0.581979247889
2,1,-0.581979247889
2,1,-0.581979247889
2,1,-0.581979247889
2,1,-0.336082447025
2,1,-0.336082447025
2,1,-0.336082447025
2,1,-0.336082447025
2,1,-0.336082447025
2,1,-0.336082447025
2,1,-0.336082447025
2,1,-0.336082447025
2,1,-0.336082447025
2,1,-0.336082447025
2,1,-0.0901856461619
2,1,-0.0901856461619
2,1,-0.0901856461619
2,1,-0.0901856461619
2,1,-0.0901856461619
2,1,-0.0901856461619
2,1,-0.0901856461619
2,1,-0.0901856461619
2,1,-0.0901856461619
2,1,-0.0901856461619
2,1,-0.336082447025
2,1,-0.336082447025
2,1,-0.336082447025
2,1,-0.336082447025
2,1,-0.336082447025
2,1,-0.336082447025
2,1,-0.336082447025
2,1,-0.336082447025
2,1,-0.336082447025
2,1,-0.336082447025
2,1,-0.827876048752
2,1,-0.827876048752
2,1,-0.827876048752
2,1,-0.827876048752
2,1,-0.827876048752
2,1,-0.827876048752
2,1,-0.827876048752
2,1,-0.827876048752
2,1,-0.827876048752
2,1,-0.827876048752
2,1,-1.31966965048
2,1,-1.31966965048
2,1,-1.31966965048
2,1,-1.31966965048
2,1,-1.31966965048
2,1,-1.31966965048
2,1,-1.31966965048
2,1,-1.31966965048
2,1,-1.31966965048
2,1,-1.31966965048
2,1,-1.31966965048
2,1,-1.31966965048
2,1,-1.31966965048
2,1,-1.31966965048
2,1,-1.31966965048
2,1,-1.31966965048
2,1,-1.31966965048
2,1,-1.31966965048
2,1,-1.31966965048
2,1,-1.31966965048
2,1,-1.07377284962
2,1,-1.07377284962
2,1,-1.07377284962
2,1,-1.07377284962
2,1,-1.07377284962
2,1,-1.07377284962
2,1,-1.07377284962
2,1,-1.07377284962
2,1,-1.07377284962
2,1,-1.07377284962
2,1,-0.827876048752
2,1,-0.827876048752
2,1,-0.827876048752
2,1,-0.827876048752
2,1,-0.827876048752
2,1,-0.827876048752
2,1,-0.827876048752
2,1,-0.827876048752
2,1,-0.827876048752
2,1,-0.827876048752
2,1,-1.07377284962
2,1,-1.07377284962
2,1,-1.07377284962
2,1,-1.07377284962
2,1,-1.07377284962
2,1,-1.07377284962
2,1,-1.07377284962
2,1,-1.07377284962
2,1,-1.07377284962
2,1,-1.07377284962
2,1,-1.07377284962
2,1,-1.07377284962
2,1,-1.07377284962
2,1,-0.581979247889
2,1,-0.581979247889
2,1,-0.581979247889
2,1,-0.581979247889
2,1,-0.581979247889
2,1,-0.581979247889
2,1,-0.581979247889
2,1,-0.0901856461619
2,1,-0.0901856461619
2,1,-0.0901856461619
2,1,-0.0901856461619
2,1,-0.0901856461619
2,1,-0.0901856461619
2,1,-0.0901856461619
2,1,-0.0901856461619
2,1,-0.0901856461619
2,1,-0.336082447025
2,1,-0.336082447025
2,1,-0.336082447025
2,1,-0.336082447025
2,1,-0.336082447025
2,1,-0.336082447025
2,1,-0.336082447025
2,1,-0.336082447025
2,1,-0.336082447025
2,1,-0.336082447025
2,1,-0.336082447025
2,1,0.893401557292
2,1,0.893401557292
2,1,0.893401557292
2,1,0.893401557292
2,1,0.893401557292
2,1,0.893401557292
2,1,0.893401557292
2,1,0.893401557292
2,1,0.893401557292
2,1,0.893401557292
2,1,-0.336082447025
2,1,-0.336082447025
2,1,-0.336082447025
2,1,-0.336082447025
2,1,-0.336082447025
2,1,-0.336082447025
2,1,-0.336082447025
2,1,-0.336082447025
2,1,-0.336082447025
2,1,-0.336082447025
2,1,-1.07377284962
2,1,-1.07377284962
2,1,-1.07377284962
2,1,-1.07377284962
2,1,-1.07377284962
2,1,-1.07377284962
2,1,-1.07377284962
2,1,-1.07377284962
2,1,-1.07377284962
2,1,-1.07377284962
2,1,-1.31966965048
2,1,-1.31966965048
2,1,-1.31966965048
2,1,-1.31966965048
2,1,-1.31966965048
2,1,-1.31966965048
2,1,-1.31966965048
2,1,-1.31966965048
2,1,-1.31966965048
2,1,-1.31966965048
2,1,-1.07377284962
2,1,-1.07377284962
2,1,-1.07377284962
2,1,-1.07377284962
2,1,-1.07377284962
2,1,-1.07377284962
2,1,-1.07377284962
2,1,-1.07377284962
2,1,-1.07377284962
2,1,-1.07377284962
2,1,-1.07377284962
2,1,-1.07377284962
2,1,-1.07377284962
2,1,-1.07377284962
2,1,-1.07377284962
2,1,-1.07377284962
2,1,-1.07377284962
2,1,-1.07377284962
2,1,-1.07377284962
2,1,-0.827876048752
2,1,-0.827876048752
2,1,-0.827876048752
2,1,-0.827876048752
2,1,-0.827876048752
2,1,-0.827876048752
2,1,-0.827876048752
2,1,-0.581979247889
2,1,-0.581979247889
2,1,-0.336082447025
2,1,-0.336082447025
2,1,-0.336082447025
2,1,-0.336082447025
2,1,-0.336082447025
2,1,-0.336082447025
2,1,-0.336082447025
2,1,-0.336082447025
2,1,-0.581979247889
2,1,-0.581979247889
2,1,-0.581979247889
2,1,-0.581979247889
2,1,-0.581979247889
2,1,-0.581979247889
2,1,-0.581979247889
2,1,-0.581979247889
2,1,-0.581979247889
2,1,-0.581979247889
2,1,-0.581979247889
2,1,-0.581979247889
2,1,-0.581979247889
2,1,-0.581979247889
2,1,0.401607955565
2,1,0.401607955565
2,1,0.401607955565
2,1,0.401607955565
2,1,0.401607955565
2,1,0.401607955565
2,1,0.401607955565
2,1,0.401607955565
2,1,0.401607955565
2,1,0.401607955565
2,1,-0.581979247889
2,1,-0.581979247889
2,1,-0.581979247889
2,1,-0.581979247889
2,1,-0.581979247889
2,1,-0.581979247889
2,1,-0.581979247889
2,1,-0.581979247889
2,1,-0.581979247889
2,1,-0.581979247889
2,1,0.647504756428
2,1,0.647504756428
2,1,0.893401557292
2,1,0.893401557292
2,1,0.893401557292
2,1,0.893401557292
2,1,0.893401557292
2,1,0.893401557292
2,1,0.647504756428
2,1,0.647504756428
2,1,0.647504756428
2,1,0.647504756428
2,1,0.647504756428
2,1,0.647504756428
2,1,0.647504756428
2,1,0.647504756428
2,1,0.647504756428
2,1,0.647504756428
2,1,0.647504756428
2,1,0.647504756428
2,1,0.155711154701
2,1,0.155711154701
2,1,0.155711154701
2,1,0.155711154701
2,1,0.155711154701
2,1,0.155711154701
2,1,0.155711154701
2,1,0.155711154701
2,1,0.155711154701
2,1,0.155711154701
2,1,-0.581979247889
2,1,-0.581979247889
2,1,-0.581979247889
2,1,-0.581979247889
2,1,-0.581979247889
2,1,-0.581979247889
2,1,-0.581979247889
2,1,-0.581979247889
2,1,-0.581979247889
2,1,-0.581979247889
2,1,-0.581979247889
2,1,-0.581979247889
2,1,-0.581979247889
2,1,-0.581979247889
2,1,-0.581979247889
2,1,-0.581979247889
2,1,-0.581979247889
2,1,-0.581979247889
2,1,-0.581979247889
2,1,-0.581979247889
2,1,-0.827876048752
2,1,-0.827876048752
2,1,-0.827876048752
2,1,-0.827876048752
2,1,-0.827876048752
2,1,-0.827876048752
2,1,-0.827876048752
2,1,-0.827876048752
2,1,-0.827876048752
2,1,-0.827876048752
2,1,-0.827876048752
2,1,-0.827876048752
2,1,-0.827876048752
2,1,-0.581979247889
2,1,-0.581979247889
2,1,-0.581979247889
2,1,-0.336082447025
2,1,-0.336082447025
2,1,-0.336082447025
2,1,-0.336082447025
2,1,-0.0901856461619
2,1,-0.0901856461619
2,1,-0.0901856461619
2,1,-0.0901856461619
2,1,-0.0901856461619
2,1,-0.0901856461619
2,1,-0.0901856461619
2,1,-0.0901856461619
2,1,-0.0901856461619
2,1,-0.0901856461619
2,1,0.893401557292
2,1,0.893401557292
2,1,0.893401557292
2,1,0.893401557292
2,1,0.893401557292
2,1,0.893401557292
2,1,0.893401557292
2,1,0.893401557292
2,1,0.893401557292
2,1,0.893401557292
2,1,-0.336082447025
2,1,-0.336082447025
2,1,-0.336082447025
2,1,-0.336082447025
2,1,-0.336082447025
2,1,-0.336082447025
2,1,-0.336082447025
2,1,-0.336082447025
2,1,-0.336082447025
2,1,-0.336082447025
2,1,-0.336082447025
2,1,-0.336082447025
2,1,-0.336082447025
2,1,-0.336082447025
2,1,-0.336082447025
2,1,-0.336082447025
2,1,-0.336082447025
2,1,-0.336082447025
2,1,-0.336082447025
2,1,-0.336082447025
2,1,-0.581979247889
2,1,-0.581979247889
2,1,-0.581979247889
2,1,-0.581979247889
2,1,-0.581979247889
2,1,-0.581979247889
2,1,-0.581979247889
2,1,-0.581979247889
2,1,-0.581979247889
2,1,-0.581979247889
2,1,-0.581979247889
2,1,-0.581979247889
2,1,-0.581979247889
2,1,-0.581979247889
2,1,-0.581979247889
2,1,-0.581979247889
2,1,-0.581979247889
2,1,-0.581979247889
2,1,-0.581979247889
2,1,-0.581979247889
2,1,-0.336082447025
2,1,-0.336082447025
2,1,-0.336082447025
2,1,-0.336082447025
2,1,-0.336082447025
2,1,-0.336082447025
2,1,-0.336082447025
2,1,-0.336082447025
2,1,-0.336082447025
2,1,-0.336082447025
2,1,-0.827876048752
2,1,-0.827876048752
2,1,-0.827876048752
2,1,-0.827876048752
2,1,-0.827876048752
2,1,-0.827876048752
2,1,-0.827876048752
2,1,-0.827876048752
2,1,-0.827876048752
2,1,-0.827876048752
2,1,-0.336082447025
2,1,-0.336082447025
2,1,-0.336082447025
2,1,-0.336082447025
2,1,-0.336082447025
2,1,-0.336082447025
2,1,-0.336082447025
2,1,-0.336082447025
2,1,-0.336082447025
2,1,-0.336082447025
2,1,-0.336082447025
2,1,-0.336082447025
2,1,-0.336082447025
2,1,-0.336082447025
2,1,-0.336082447025
2,1,-0.336082447025
2,1,-0.336082447025
2,1,-0.336082447025
2,1,-0.336082447025
2,2,-0.336082447025
2,2,-0.0901856461619
2,2,-0.0901856461619
2,2,-0.0901856461619
2,2,-0.0901856461619
2,2,-0.0901856461619
2,2,-0.0901856461619
2,2,-0.0901856461619
2,2,-0.0901856461619
2,2,-0.0901856461619
2,2,-0.0901856461619
2,2,0.401607955565
2,2,0.401607955565
2,2,0.401607955565
2,2,0.401607955565
2,2,0.401607955565
2,2,0.401607955565
2,2,0.401607955565
2,2,0.401607955565
2,2,0.401607955565
2,2,0.401607955565
2,2,0.401607955565
2,2,0.401607955565
2,2,0.401607955565
2,2,0.401607955565
2,2,0.401607955565
2,2,0.401607955565
2,2,0.401607955565
2,2,0.401607955565
2,2,0.401607955565
2,2,0.401607955565
2,2,0.401607955565
2,2,0.401607955565
2,2,0.401607955565
2,2,0.401607955565
2,2,0.401607955565
2,2,0.401607955565
2,2,0.401607955565
2,2,0.401607955565
2,2,0.401607955565
2,2,0.401607955565
2,2,0.401607955565
2,2,0.155711154701
2,2,0.155711154701
2,2,0.155711154701
2,2,0.401607955565
2,2,0.401607955565
2,2,0.401607955565
2,2,0.401607955565
2,2,0.401607955565
2,2,0.401607955565
2,2,0.155711154701
2,2,0.155711154701
2,2,0.155711154701
2,2,0.155711154701
2,2,0.155711154701
2,2,0.155711154701
2,2,0.155711154701
2,2,0.155711154701
2,2,0.155711154701
2,2,0.155711154701
2,2,-0.336082447025
2,2,-0.336082447025
2,2,-0.336082447025
2,2,-0.336082447025
2,2,-0.336082447025
2,2,-0.336082447025
2,2,-0.336082447025
2,2,-0.827876048752
2,2,-1.07377284962
2,2,-1.07377284962
2,2,-1.07377284962
2,2,-1.07377284962
3,2,-1.07377284962
2,2,-1.07377284962
2,2,-1.07377284962
2,2,-1.07377284962
2,2,-1.07377284962
2,2,-1.07377284962
2,2,-1.07377284962
2,2,-1.07377284962
2,2,-1.07377284962
2,2,-1.07377284962
2,2,-1.07377284962
2,2,-1.07377284962
2,2,-1.07377284962
2,2,-1.07377284962
2,2,-1.07377284962
2,2,-1.07377284962
2,2,-1.07377284962
2,2,-1.07377284962
2,2,-0.336082447025
2,2,-0.336082447025
2,2,-0.336082447025
2,2,-0.336082447025
2,2,-0.336082447025
2,2,-0.336082447025
2,2,-0.336082447025
2,2,-0.336082447025
2,2,-0.336082447025
2,2,-0.336082447025
2,2,-0.581979247889
2,2,-0.581979247889
2,2,-0.581979247889
2,2,-0.581979247889
2,2,-0.581979247889
2,2,-0.581979247889
2,2,-0.581979247889
2,2,-0.581979247889
2,2,-0.581979247889
2,2,0.155711154701
2,2,0.155711154701
2,2,0.155711154701
2,2,0.155711154701
2,2,0.155711154701
2,2,0.155711154701
2,2,0.401607955565
2,2,0.401607955565
2,2,0.647504756428
2,2,0.647504756428
2,2,0.647504756428
2,2,0.647504756428
2,2,0.647504756428
2,2,0.647504756428
2,2,0.647504756428
2,2,0.647504756428
2,2,0.647504756428
2,2,0.647504756428
2,2,0.647504756428
2,2,0.155711154701
2,2,0.155711154701
2,2,0.155711154701
2,2,0.155711154701
2,2,0.155711154701
2,2,0.155711154701
2,2,0.155711154701
2,2,0.155711154701
2,2,0.155711154701
2,2,0.155711154701
2,2,-0.336082447025
2,2,-0.336082447025
2,2,-0.336082447025
2,2,-0.336082447025
2,2,-0.336082447025
2,2,-0.336082447025
2,2,-0.336082447025
2,2,-0.336082447025
2,2,-0.336082447025
2,2,-0.336082447025
2,2,0.155711154701
2,2,0.155711154701
2,2,0.155711154701
2,2,0.155711154701
2,2,0.155711154701
2,2,0.155711154701
2,2,0.155711154701
2,2,0.155711154701
2,2,0.155711154701
2,2,0.155711154701
2,2,0.155711154701
2,2,0.155711154701
2,2,0.155711154701
2,2,0.155711154701
2,2,0.155711154701
2,2,0.155711154701
2,2,0.155711154701
2,2,0.155711154701
2,2,0.155711154701
2,2,0.155711154701
2,2,-0.0901856461619
2,2,-0.0901856461619
2,2,-0.0901856461619
2,2,-0.0901856461619
2,2,-0.0901856461619
2,2,-0.0901856461619
2,2,-0.336082447025
2,2,-0.336082447025
2,2,-0.336082447025
2,2,-0.336082447025
2,2,-0.336082447025
2,2,-0.336082447025
2,2,-0.336082447025
2,2,-0.336082447025
2,2,-0.336082447025
2,2,-0.0901856461619
2,2,-0.0901856461619
2,2,-0.0901856461619
2,2,-0.0901856461619
2,2,-0.0901856461619
2,2,0.647504756428
2,2,0.647504756428
2,2,0.647504756428
2,2,0.647504756428
2,2,0.647504756428
2,2,0.647504756428
2,2,0.647504756428
2,2,0.647504756428
2,2,0.647504756428
2,2,0.647504756428
2,2,-0.336082447025
2,2,-0.336082447025
2,2,-0.336082447025
2,2,-0.336082447025
2,2,-0.336082447025
2,2,-0.336082447025
2,2,-0.336082447025
2,2,-0.336082447025
2,2,-0.336082447025
2,2,-0.336082447025
2,2,-0.336082447025
2,2,-0.336082447025
2,2,-0.336082447025
2,2,-0.336082447025
2,2,-0.336082447025
2,2,-0.0901856461619
2,2,-0.0901856461619
2,2,-0.0901856461619
2,2,0.155711154701
2,2,0.155711154701
2,2,0.401607955565
2,2,0.401607955565
2,2,0.647504756428
2,2,0.647504756428
2,2,0.647504756428
2,2,0.647504756428
2,2,0.647504756428
2,2,0.647504756428
2,2,0.647504756428
2,2,0.647504756428
2,2,1.38519515902
2,2,1.38519515902
2,2,1.38519515902
2,2,1.38519515902
2,2,1.38519515902
2,2,1.38519515902
2,2,1.38519515902
2,2,1.38519515902
2,2,1.38519515902
2,2,1.38519515902
2,2,2.12288556161
2,2,2.12288556161
2,2,2.12288556161
2,2,2.12288556161
2,2,2.12288556161
2,2,1.87698876075
2,2,1.87698876075
2,2,1.87698876075
2,2,1.87698876075
2,2,1.87698876075
2,2,1.63109195988
2,2,1.38519515902
2,2,1.38519515902
2,2,1.38519515902
2,2,1.38519515902
2,2,1.38519515902
2,2,1.38519515902
2,2,1.38519515902
2,2,1.38519515902
2,2,1.38519515902
2,2,0.647504756428
2,2,0.647504756428
2,2,0.647504756428
2,2,0.647504756428
2,2,0.647504756428
2,2,0.647504756428
2,2,0.647504756428
2,2,0.647504756428
2,2,0.647504756428
2,2,0.647504756428
2,2,-0.336082447025
2,2,-0.336082447025
2,2,-0.336082447025
2,2,-0.336082447025
2,2,-0.336082447025
2,2,-0.336082447025
2,2,-0.336082447025
2,2,-0.336082447025
2,2,-0.336082447025
2,2,-0.336082447025
2,2,-0.581979247889
2,2,-0.581979247889
2,2,-0.581979247889
2,2,-0.581979247889
2,2,-0.581979247889
2,2,-0.581979247889
2,2,-0.581979247889
2,2,-0.581979247889
2,2,-0.581979247889
2,2,-0.581979247889
2,2,-0.581979247889
2,2,-0.581979247889
2,2,-0.581979247889
2,2,-0.581979247889
2,2,-0.581979247889
2,2,-0.581979247889
2,2,-0.581979247889
2,2,-0.581979247889
2,2,-0.581979247889
2,2,-0.0901856461619
2,2,-0.0901856461619
2,2,-0.0901856461619
2,2,-0.0901856461619
2,2,-0.0901856461619
2,2,-0.0901856461619
2,2,-0.336082447025
2,2,-0.336082447025
2,2,-0.336082447025
2,2,-0.336082447025
2,2,-0.336082447025
2,2,-0.336082447025
2,2,-0.336082447025
2,2,-0.336082447025
2,2,-0.336082447025
2,2,-0.336082447025
2,2,-0.336082447025
2,2,-0.336082447025
2,2,-0.336082447025
2,2,-0.336082447025
2,2,-0.336082447025
2,2,-0.0901856461619
2,2,-0.0901856461619
2,2,-0.0901856461619
2,2,-0.0901856461619
2,2,-0.0901856461619
2,2,-0.0901856461619
2,2,-0.0901856461619
2,2,-0.0901856461619
2,2,-0.0901856461619
2,2,-0.0901856461619
2,2,0.647504756428
2,2,0.647504756428
2,2,0.647504756428
2,2,0.647504756428
2,2,0.647504756428
2,2,0.647504756428
2,2,0.647504756428
2,2,0.647504756428
2,2,0.647504756428
2,2,0.647504756428
2,2,0.647504756428
2,2,0.647504756428
2,2,0.647504756428
2,2,0.647504756428
2,2,0.647504756428
2,2,0.647504756428
2,2,0.647504756428
2,2,0.647504756428
2,2,0.647504756428
2,2,0.647504756428
2,2,-0.0901856461619
2,2,-0.0901856461619
2,2,-0.0901856461619
2,2,-0.0901856461619
2,2,-0.0901856461619
2,2,-0.0901856461619
2,2,-0.0901856461619
2,2,-0.0901856461619
2,2,-0.0901856461619
2,2,-0.0901856461619
2,2,-0.581979247889
2,2,-0.581979247889
2,2,-0.581979247889
2,2,-0.581979247889
2,2,-0.581979247889
2,2,-0.581979247889
2,2,-0.581979247889
2,2,-0.581979247889
2,2,-0.581979247889
2,2,-0.581979247889
2,2,-0.336082447025
2,2,-0.336082447025
2,2,-0.336082447025
2,2,-0.336082447025
2,2,-0.336082447025
2,2,-0.336082447025
2,2,-0.336082447025
2,2,-0.336082447025
2,2,-0.0901856461619
2,2,-0.0901856461619
2,2,-0.0901856461619
2,2,-0.0901856461619
2,2,-0.0901856461619
2,2,-0.0901856461619
2,2,-0.0901856461619
